Id,Predicted
0,-963969821190692.1
1,-1470391065730791.8
2,-963964931545060.1
3,-778854270968005.1
4,-667107446128895.8
5,-447069026598394.44
6,-1652009474314985.2
7,-991937524263799.2
8,-2629941667516236.5
9,-513415877069342.6
10,-1016366872988884.1
11,-859192831325040.5
12,-600738941422162.2
13,-1281796884655349.0
14,-663616591078500.6
15,-468026729677709.1
16,-1243370936365028.8
17,-712518247558214.6
18,-729977062696968.1
19,-740450326098880.8
20,-422621167084647.5
21,-3506581089905098.0
22,-436591921354748.8
23,-499463284315939.1
24,-967481282985215.8
25,-3939663296213577.5
26,-450563374187947.7
27,-943017007763373.2
28,-1519286784764141.8
29,-3730141099160519.0
30,-590260439160326.4
31,-2067667442272731.8
32,-502940518123259.5
33,-981433176716206.0
34,-674087758902383.1
35,-544856972089495.75
36,-1323703908566576.0
37,-1040797968041913.8
38,-747452991643569.5
39,-922066289846611.0
40,-1351642972327488.0
41,-1138612457310348.0
42,-488976050527619.44
43,-698527236177936.9
44,-789330677690425.5
45,-509941786622373.4
46,-1264368106014232.0
47,-698522695792971.4
48,-1138588009082498.0
49,-904597695412034.1
50,-1166552568817187.2
51,-492468302526922.8
52,-729968680480651.8
53,-695031491596915.5
54,-649633612692799.1
55,-1973323900108584.0
56,-1019851092115776.9
57,-3538007515974602.0
58,-461023365642510.7
59,-618212425500405.1
60,-1271309301587969.2
61,-1404058534914256.2
62,-3014122915913332.0
63,-2853479673428443.5
64,-750918001301444.5
65,-939544663638408.4
66,-894120939438086.8
67,-1442451652717684.2
68,-1599614518060636.8
69,-646166856720103.8
70,-349284224439718.3
71,-1606631503236756.2
72,-590268472125745.6
73,-1100173935662719.5
74,-1079226361114053.1
75,-492466206968148.94
76,-513431593776634.5
77,-876642914966330.4
78,-646145901074354.8
79,-782364335214869.5
80,-544865354330147.56
81,-1585665767199170.0
82,-674086361852062.5
83,-2116524393418746.2
84,-1435472038367223.5
85,-785850300531864.6
86,-1910487812407839.0
87,-3115413241962492.0
88,-757894472303301.9
89,-841742049180982.6
90,-1061761608560182.2
91,-597249134271854.5
92,-646146948871979.8
93,-970964453719130.6
94,-1295755065545894.8
95,-1159578891879962.2
96,-419118786527736.8
97,-834740431459495.5
98,-719489130393870.0
99,-1417996807989135.5
100,-2053649537848085.5
101,-520412605181468.2
102,-764889454123797.5
103,-653116434660103.9
104,-656621609281898.1
105,-660136912448092.8
106,-873166030475190.0
107,-1473885762529094.8
108,-995429077843850.6
109,-614702361245728.6
110,-922054415030885.2
111,-1854571266318213.8
112,-1246863537624478.5
113,-904592107249858.4
114,-660104431249982.1
115,-597240402759004.1
116,-1903473970575042.0
117,-974455308671169.2
118,-2228283093216360.8
119,-377212810372688.5
120,-621711313438181.2
121,-782352809636559.1
122,-555350841816760.75
123,-750909269793704.1
124,-537887835584859.1
125,-1886029824454431.2
126,-932552825444897.1
127,-789348839204189.6
128,-653144026210200.1
129,-3300510281384251.5
130,-1540245186374850.5
131,-429602527719304.56
132,-977928351359036.2
133,-6985234865.290101
134,-2525150707244329.5
135,-1945378898930970.0
136,-1177013608166560.0
137,-768392183949546.1
138,-974441338264597.9
139,-1679947490259571.2
140,-848725156149167.5
141,-712497641194314.5
142,-1351643670827347.8
143,-1229410659889469.0
144,-583270346983687.4
145,-736952136730579.6
146,-576319721221286.6
147,-908098678930796.0
148,-1547236326314669.2
149,-597244593876063.6
150,-600755007419058.5
151,-3646288283416503.0
152,-4673100478965943.0
153,-1100184064200808.1
154,-527382789483375.9
155,-1068761479975320.0
156,-1117637640454571.4
157,-583273141071995.4
158,-2493739648601176.0
159,-1163042853804112.2
160,-447091728517162.06
161,-1886008868742613.2
162,-408634346819763.0
163,-607743702504335.6
164,-454068199510384.94
165,-618229888508817.6
166,-1117644974912504.4
167,-2238763341788103.0
168,-565820961858896.5
169,-705505453486720.6
170,-429595542511999.1
171,-590257994318347.9
172,-499446869090741.3
173,-590262534694857.2
174,-576301908962561.0
175,-303860151036969.8
176,-2354013245760523.0
177,-562329059118798.25
178,-782361191873694.2
179,-1617083461759370.5
180,-1201457625747692.5
181,-1264332132067846.2
182,-799818609989103.8
183,-901093568579114.8
184,-1243366046724712.2
185,-838256433095447.4
186,-478488118221269.3
187,-824273454720052.0
188,-733452899469310.9
189,-6014276823837949.0
190,-691541335147484.6
191,-1184001604677268.0
192,-1033818702937533.9
193,-618219410702330.5
194,-548348874913062.9
195,-817280568484433.1
196,-513429148959960.4
197,-660113861273854.1
198,-1016370365587196.5
199,-1927932307893417.2
200,-3496103286119183.0
201,-768415235068143.8
202,-733475252114168.8
203,-4110834985194552.0
204,-1023354869591435.6
205,-695067116120829.0
206,-523890188230439.2
207,-1746300627417656.0
208,-1218960098419835.5
209,-468010663718736.0
210,-604242369747532.5
211,-915083881422731.9
212,-1990791796033353.0
213,-1868551101420789.2
214,-415646093102953.75
215,-1033818702947331.2
216,-1620577809320210.8
217,-2643903341030088.0
218,-1512306122640873.2
219,-1257338198050957.2
220,-1620572570406209.2
221,-733466869882186.4
222,-722982430165162.9
223,-604243417521655.1
224,-1128114047175754.8
225,-1913947583218279.2
226,-688053972797585.0
227,-537881199599489.75
228,-719477255540380.9
229,-789354427369278.9
230,-1376084894405118.0
231,-761405235090333.5
232,-848723409801293.6
233,-492479828108330.0
234,-729963790811076.8
235,-579788572796670.6
236,-691568926700313.5
237,-918556924104197.5
238,-792823628192071.4
239,-813787268737558.8
240,-607714713912895.8
241,-6181918540776746.0
242,-838257830146086.4
243,-1407521798306700.0
244,-2193360573243415.2
245,-1281797233893385.8
246,-925549810341980.1
247,-2654384288184735.5
248,-1494855689732917.0
249,-1023336708057018.5
250,-2734727039691610.0
251,-953504940045029.1
252,-1320246931911157.2
253,-1313218071819432.8
254,-1047797140967843.5
255,-1239884971186264.2
256,-1711378806001195.5
257,-684588264600443.2
258,-607740908423167.1
259,-733464425045189.5
260,-984926825759200.2
261,-743938736230638.6
262,-887137483217532.5
263,-583297589310196.9
264,-1026838739331180.8
265,-349277588560929.75
266,-824293362541232.8
267,-471506408309276.3
268,-695050700892088.4
269,-614697820855831.1
270,-705523964359749.1
271,-736958423348588.5
272,-2797576748464938.5
273,-768392882430830.4
274,-859206452526265.5
275,-695055939792430.0
276,-3304006375236193.5
277,-827759070761858.4
278,-1023342994742481.6
279,-569319849795047.6
280,-831253418320811.0
281,-750913460916469.2
282,-733460932448370.2
283,-2210832660295059.0
284,-1330681078095233.2
285,-2472777754394165.5
286,-722973698680392.4
287,-1093192924318798.9
288,-3548482874909258.5
289,-405142793346384.8
290,-1438979657812375.0
291,-3499593791804156.0
292,-1320214450675185.0
293,-3094459031484448.0
294,-597234814579771.9
295,-1721862896479491.0
296,-2081595936044466.8
297,-632346982833811.6
298,-894150277368252.1
299,-516923147256206.2
300,-604240274334047.6
301,-461051306681738.25
302,-1135101694560776.5
303,-530909268977978.0
304,-824304538866452.9
305,-632172701981313.5
306,-642655744642956.0
307,-1393559426294394.5
308,-757916126484770.8
309,-834772214089241.8
310,-611240145625754.0
311,-1955864735719769.2
312,-956972743827422.1
313,-621698740076122.9
314,-5937430225.935658
315,-950016879171027.9
316,-4533431354780769.0
317,-1103666536923845.1
318,-502937025531374.44
319,-855703722702114.1
320,-722993955752742.4
321,-998890944089316.6
322,-1330681078094260.0
323,-908094487914495.6
324,-1037313749017980.1
325,-729978809009493.4
326,-1320211656572799.8
327,-1620579904887153.8
328,-1295755065544029.5
329,-3059521144066659.0
330,-653141930672293.5
331,-506435214939883.6
332,-2451818654260510.5
333,-1211950447698143.2
334,-454148180084933.3
335,-988420125527032.4
336,-894121637987268.0
337,-1142083753677691.0
338,-488977098309763.94
339,-649659807198999.4
340,-932528027648669.8
341,-1135120903915782.5
342,-1194472073982025.2
343,-600732654738910.4
344,-761454131502991.9
345,-530918000477955.44
346,-1676456635315836.2
347,-681085185594017.1
348,-572792543219738.8
349,-1082714421984695.1
350,-855687307438481.1
351,-1372653064506962.5
352,-1390064030934316.8
353,-499452108009842.4
354,-904620746598984.4
355,-1309739440967090.5
356,-810286285205915.0
357,-873183842688257.9
358,-1100174634179473.5
359,-2329570275876974.0
360,-691555305550785.0
361,-2968717004030605.5
362,-548350621123599.6
363,-817271487718516.0
364,-614700964199333.6
365,-761404187303238.5
366,-838232683422409.1
367,-754406062174111.9
368,-569298544938020.6
369,-1987295702162663.2
370,-764901678204352.6
371,-894130369461296.6
372,-963975409361949.0
373,-1749835838430794.5
374,-461032795673954.0
375,-429589954350952.8
376,-1550727879773757.5
377,-778852524651358.0
378,-1903473621312919.8
379,-663607859570081.8
380,-656612877776880.1
381,-764911806749149.8
382,-806813242521008.2
383,-544852431706146.1
384,-1330690857389396.0
385,-551850906097576.1
386,-541386024954090.56
387,-461023365643250.25
388,-586766440844942.5
389,-1840613783985027.0
390,-946530215341061.0
391,-1459928629391209.8
392,-544850685399392.75
393,-2182889754700523.2
394,-852211819930227.2
395,-3167789338133748.0
396,-3454182641028753.0
397,-443563502721561.1
398,-4299401574724487.5
399,-715988845406997.0
400,-1306232869310927.2
401,-722972650879522.2
402,-663607510310320.6
403,-988423618127475.8
404,-1117637291205741.8
405,-716001768059707.8
406,-799825944451991.2
407,-1072241507895426.4
408,-824259135051622.9
409,-674095791877085.9
410,-785835282340986.5
411,-883643135740674.8
412,-656609035914159.0
413,-1128131160921504.5
414,-925549810369603.6
415,-509940738819710.7
416,-537875960695769.3
417,-2409943063734390.0
418,-1285282151448699.8
419,-1463407609499795.2
420,-373724400251368.3
421,-1882531634990983.8
422,-2493723233385174.0
423,-782359794846682.6
424,-736947247050589.9
425,-799817562224088.5
426,-2333074403350254.0
427,-946506116404102.2
428,-1194473820290980.8
429,-408662986186137.5
430,-2245782422517068.8
431,-565835630782477.9
432,-1358665894910329.5
433,-15716709313.60234
434,-1788211842478029.5
435,-618205789562222.9
436,-653119927262617.1
437,-3213197345571271.0
438,-1341164120760775.0
439,-394666735895497.1
440,-1732340001684768.2
441,-820780154948489.4
442,-1065249320161257.9
443,-572797432859864.1
444,-590256248010732.4
445,-956986714231834.8
446,-2224800969734074.0
447,-1634545769510254.0
448,-1997799700455412.2
449,-447079155374409.8
450,-492479129597709.06
451,-3087467193028675.5
452,-747426797098116.5
453,-440075791106404.2
454,-593754437438938.9
455,-757915427910708.1
456,-1445936919516902.0
457,-873178603787111.8
458,-593752341875158.4
459,-1292268750979783.8
460,-293408541784181.75
461,-1924441802199597.5
462,-254969321632824.88
463,-1889504613335868.8
464,-908095186309393.0
465,-736954232242875.8
466,-922064543546346.5
467,-768394279460108.2
468,-447070423635285.2
469,-862697656677727.1
470,-1019866808705584.8
471,-743974011485395.5
472,-2064127341623344.0
473,-1833640456273814.2
474,-625175624620065.6
475,-904597695591608.1
476,-764885961500794.6
477,-593742213327693.1
478,-2930297691708904.5
479,-977941623244207.0
480,-2008253754519553.5
481,-736943055898163.2
482,-4491488706320055.5
483,-681074358450118.5
484,-1292295993389199.8
485,-3185287270420042.5
486,-852219503693856.2
487,-796335438759975.1
488,-719503799311863.5
489,-915077245489819.8
490,-1418052340343212.5
491,-642656443162895.4
492,-576283048921787.6
493,-1260832894863983.0
494,-1177012211047816.2
495,-2228298460666855.8
496,-984946035061886.5
497,-3730104426930147.0
498,-1742810121726856.2
499,-548344334435947.8
500,-1648515476005447.5
501,-1365610233986534.8
502,-684575691206775.4
503,-702025774866536.2
504,-1400536595793868.8
505,-827758721503201.4
506,-960469536257981.1
507,-901110682325026.9
508,-1225911771969705.0
509,-841716902418735.8
510,-604241671230978.9
511,-813785522421885.0
512,-1693934659787948.5
513,-590252056892498.6
514,-495975572714991.94
515,-475011233668487.4
516,-1222425108119168.5
517,-1466896019648880.8
518,-621690008578622.6
519,-747426098565041.1
520,-548352716680615.25
521,-750936512085082.4
522,-614716331641769.1
523,-3167791084428215.5
524,-1893002802746655.8
525,-743933846658007.9
526,-502939819602933.2
527,-869664348432244.8
528,-1718364008510169.8
529,-1344692346559301.8
530,-635662159888761.4
531,-548356558542161.6
532,-2221308717807662.0
533,-1187495253709599.2
534,-649652821996155.5
535,-2364515497801219.5
536,-880145295510389.5
537,-2004761502532065.0
538,-653148566592434.2
539,-625188197994585.9
540,-908077024781381.1
541,-943015959963320.8
542,-415624438973113.8
543,-719488431870706.2
544,-1145584387974591.8
545,-908103568679389.8
546,-950004305812125.1
547,-1442459336460760.0
548,-426117260920774.2
549,-1501837050386156.5
550,-702024028557884.6
551,-1005878242163888.1
552,-929034727871339.1
553,-523906603459806.7
554,-736964360773552.8
555,-726477126982091.5
556,-530897743396749.9
557,-3136394694726787.5
558,-1742808026168174.8
559,-415630376396107.25
560,-1026836294511190.9
561,-887125957632847.1
562,-782348618511185.8
563,-1376095721472827.0
564,-1515798025364070.2
565,-688066196902940.4
566,-956972743834660.1
567,-2507699575852232.5
568,-653162187737078.0
569,-551859288341914.9
570,-597238307192860.8
571,-593752691138567.6
572,-792832010453414.9
573,-785835282342546.6
574,-1149065812842001.8
575,-866168254547595.1
576,-579781587592256.1
577,-740436006429639.6
578,-614712140523056.1
579,-457548925917055.3
580,-2556588309665807.5
581,-813805430232616.1
582,-583267552904951.5
583,-1142094580765792.0
584,-1585642366736918.8
585,-1250369410763664.5
586,-677602014279304.1
587,-1163041806030900.8
588,-922062797252709.9
589,-4554356925941730.0
590,-1337680600328092.8
591,-541364720139353.75
592,-611234208210225.2
593,-646136820325567.4
594,-967462073298141.1
595,-419125422472320.44
596,-866183621998504.4
597,-859184798352905.6
598,-1019846900880128.0
599,-953530086792184.0
600,-632163970477006.9
601,-1603109564136148.8
602,-590257994331532.4
603,-646144504038305.0
604,-558827027851880.25
605,-1065260496491160.2
606,-950013037304431.9
607,-1058317205202416.5
608,-1232891735559563.2
609,-981431081184485.5
610,-831249576467054.8
611,-565832836701328.9
612,-702035204933119.2
613,-653133199161388.0
614,-911579405332906.9
615,-618203693996951.1
616,-600735798088043.4
617,-827753831863642.1
618,-918576831939185.8
619,-4240046213502967.0
620,-1218920981274288.5
621,-642645616097103.8
622,-3014137585666385.0
623,-1638029988521220.8
624,-3237647999213735.0
625,-855712104923679.2
626,-908096583358366.2
627,-478493357118077.2
628,-2926801947121196.0
629,-778870337011997.8
630,-530901585273572.94
631,-1131609791770827.2
632,-943012118091844.6
633,-544863957300092.94
634,-1917473364191124.5
635,-670596904007983.6
636,-3230691086740038.0
637,-429599384377595.56
638,-541366815655652.56
639,-1536753283636233.2
640,-1138595343559013.8
641,-506436262729327.56
642,-3387836139812270.5
643,-859194577615747.8
644,-729960647469085.4
645,-5158585325387272.0
646,-464539367342036.9
647,-876667712439467.1
648,-750927431470912.0
649,-873169173760574.5
650,-1913950028035932.2
651,-911572070858976.8
652,-1009366303033319.5
653,-1243368491554640.2
654,-2154944055000533.5
655,-1180503415269292.5
656,-509939691038696.3
657,-663610653671953.2
658,-1114148182539335.4
659,-950001511790721.9
660,-827764309751769.1
661,-1648520016406201.8
662,-667111986410947.1
663,-537870023275356.8
664,-1645018683627895.8
665,-691544827817229.4
666,-698535269183779.6
667,-1491346673236842.2
668,-750949434713699.9
669,-2867425630222760.0
670,-803311211240335.6
671,-688055020580942.0
672,-611216395959890.9
673,-576290383387214.8
674,-789340107776782.2
675,-349260125486516.7
676,-747440068971002.1
677,-733470711732270.5
678,-848713630519456.8
679,-4267997850573707.0
680,-1103667584694033.0
681,-1652007378742050.2
682,-691546923315987.9
683,-792832359698780.8
684,-614702361240367.6
685,-1945386931931655.0
686,-523893331577397.25
687,-548378561928797.0
688,-537864435115494.56
689,-492460968060098.1
690,-541361227487976.9
691,-778864050242120.9
692,-572812451049820.5
693,-806809749918321.8
694,-478491261566420.25
695,-970955023712849.5
696,-3338926799618073.5
697,-632160827130959.5
698,-1599622551041396.0
699,-1718390901603409.2
700,-911578706861067.1
701,-799826293721963.0
702,-684561720928494.4
703,-639151967060596.5
704,-894115351268008.4
705,-1288786976920729.2
706,-1477381157861662.8
707,-2074609336509851.8
708,-890631830778255.5
709,-949987541317932.5
710,-342284702263346.9
711,-838227793778054.9
712,-894119193131025.4
713,-768387294353011.4
714,-590255898753066.0
715,-1634541229124913.5
716,-813804382453102.5
717,-660109670151889.9
718,-1089724421972053.6
719,-785860079821528.4
720,-412179686361377.8
721,-1369105978595666.0
722,-1739322060850196.0
723,-551875005051925.56
724,-1348150021792342.2
725,-2591528991143984.5
726,-932530821752668.2
727,-736984617867694.8
728,-1714870359489394.8
729,-733488523997220.8
730,-932550031042459.1
731,-953490620395786.1
732,-754423874447899.6
733,-831272627633012.4
734,-859179908687938.2
735,-447073217717185.25
736,-2713751175007508.0
737,-370227258614329.56
738,-883647676044109.0
739,-873161490037552.5
740,-628672416999827.0
741,-981427239307034.6
742,-729971125283847.4
743,-817268693634821.4
744,-1267854769681359.8
745,-1058275643223730.9
746,-639178860128678.9
747,-1152566447082662.2
748,-1145585784969529.8
749,-3475145932280086.5
750,-810300954138792.5
751,-523897522694392.3
752,-1962855526370812.2
753,-450551150041789.44
754,-890625893418489.9
755,-5902508344771221.0
756,-845243731169551.2
757,-642641424975951.9
758,-447052960628501.2
759,-1190979123459746.0
760,-981420952610351.0
761,-1442451652713146.8
762,-1114150627359248.5
763,-1278297996694956.0
764,-2060637534443181.5
765,-1707916590449082.5
766,-516917908350243.75
767,-831256910981070.1
768,-565808039232974.9
769,-387703536764632.1
770,-639156856704828.5
771,-1295758907408638.2
772,-918568100430372.0
773,-544852431708978.8
774,-848730395026948.5
775,-642638630893861.0
776,-642655395385007.2
777,-1358656814146183.2
778,-736959471129061.0
779,-2235280170544676.8
780,-1225907930095331.2
781,-1718373787787025.2
782,-461038733091773.4
783,-600740687726527.9
784,-579792065423590.0
785,-2647399085626570.0
786,-866186416074235.2
787,-743949214024783.8
788,-670611223604459.4
789,-646151838500822.6
790,-380693536782349.9
791,-359744914467054.1
792,-1798689646241454.0
793,-1320227024232134.2
794,-649634660513421.0
795,-956972743826541.1
796,-775386467196781.0
797,-520400381057108.4
798,-883642437158892.1
799,-8032989313.967942
800,-583270347012318.1
801,-901114524182804.2
802,-789335916582946.9
803,-1117640434545936.4
804,-2287675825307529.5
805,-1002385990165012.1
806,-656622308068021.5
807,-1610091972567538.0
808,-1652008077285418.8
809,-915082135135716.5
810,-1093190479450107.1
811,-922063845029786.9
812,-754421080357965.0
813,-516909176846026.1
814,-1473919640782109.5
815,-1121217207476199.8
816,-1648511634145832.0
817,-2109537793862618.0
818,-656638723039055.6
819,-1383090703288175.0
820,-523896824172080.7
821,-604254943105637.1
822,-625222076220146.6
823,-1369116107130097.8
824,-883631610078963.2
825,-977935336564609.6
826,-1033819052204736.1
827,-562342680268128.3
828,-516909526102423.94
829,-555336172885913.3
830,-1068749954407524.1
831,-576313085295604.4
832,-541393359418093.7
833,-943002338808758.6
834,-1449436156701362.5
835,-1271311047881981.8
836,-726467696952950.9
837,-1404037579293179.2
838,-3716137514438867.5
839,-1397054472409587.0
840,-590258343587180.0
841,-653166728120856.4
842,-869682161377158.5
843,-845218235219315.2
844,-412155238151474.4
845,-709030187303438.1
846,-831250274987725.9
847,-747421907442519.4
848,-911571721602068.0
849,-394665688101701.6
850,-845215790354260.2
851,-1473877729543376.8
852,-429609512918290.9
853,-433099320087983.8
854,-527396061372255.5
855,-464593502654577.4
856,-1763763633691703.8
857,-729963441593217.2
858,-869667491754835.1
859,-1634541229138002.0
860,-785908976432440.6
861,-1257348675890703.2
862,-939520564620248.6
863,-750920096861154.6
864,-750914857969748.0
865,-733467917649083.6
866,-1316722897187485.5
867,-1089698576714263.1
868,-548361098922273.7
869,-454046196119172.75
870,-293398063982938.06
871,-1107154597790185.8
872,-855715946769576.4
873,-705515232771996.1
874,-981442257478789.0
875,-1341175646344305.8
876,-834737986594133.9
877,-688057116134431.6
878,-569312864616832.2
879,-761393709503153.8
880,-719490178210936.1
881,-715990591712808.0
882,-897613540728986.0
883,-771886182192472.2
884,-310859673214952.25
885,-691613981258642.6
886,-838250844937780.2
887,-1383075335828099.2
888,-1194483599589611.8
889,-670583282799231.4
890,-1177020593285071.8
891,-440075092580857.56
892,-810293968946930.5
893,-747433782288422.2
894,-1707902270703783.0
895,-2182898136925618.5
896,-349268856999013.4
897,-572795686568267.6
898,-1306235663401736.0
899,-2937280798656027.5
900,-869666443959700.2
901,-729987540498448.6
902,-761410823254734.2
903,-506450582386977.4
904,-1016362332622329.2
905,-2392441638865642.0
906,-936031455975745.0
907,-475025204075586.6
908,-702017043357733.2
909,-1260842674145698.2
910,-939526851556734.9
911,-1798701171899958.8
912,-1274801902840788.0
913,-729974967132120.4
914,-1170058092686404.5
915,-635672288441855.1
916,-1858068058696989.2
917,-684579183806648.4
918,-2347032234395600.5
919,-733468266906876.2
920,-1376088387023001.5
921,-834745670543866.6
922,-1103680856631926.6
923,-862680542929971.4
924,-963965630061575.8
925,-1693947582422802.5
926,-1519292023713612.2
927,-478494055639462.44
928,-2766160101658844.0
929,-1061754972600962.5
930,-810296413750451.9
931,-530877486305936.3
932,-677578264585742.2
933,-817282664065871.4
934,-789342552525163.2
935,-768391485380851.4
936,-1208440034179408.0
937,-2050156936589403.5
938,-1844096605942783.8
939,-625187150206680.9
940,-555335474373404.4
941,-722973698661784.8
942,-887120718731560.9
943,-715998624706400.4
944,-1582153956606526.5
945,-495953918572225.06
946,-562334298045334.94
947,-454057372511424.6
948,-1173533230972102.0
949,-1051279264401000.9
950,-691537144021991.8
951,-747423304491136.1
952,-778859509866395.4
953,-873161140779602.1
954,-604231193416089.0
955,-768414536544356.0
956,-562323820224841.5
957,-649629421599934.8
958,-534372532376847.1
959,-922059304647987.1
960,-464523999881531.1
961,-970947339974656.2
962,-1002426853600860.9
963,-806801018427948.5
964,-824282535487424.5
965,-408659144345902.44
966,-1487876425105703.8
967,-2626438588464490.0
968,-530889361148965.25
969,-667112335673685.6
970,-653139485832522.1
971,-19209313632.16214
972,-1225977782218674.5
973,-799825595194915.4
974,-1802190629783299.0
975,-688050130941169.5
976,-3538009262276107.0
977,-695050002366864.5
978,-590260788410121.6
979,-7292.272848432694
980,-729969728229897.6
981,-4065425929990359.5
982,-1047785266098749.1
983,-600733004010188.0
984,-915072705092093.0
985,-984919142066910.6
986,-908088201104811.8
987,-656614973354021.4
988,-740442991639458.6
989,-2731221515741892.5
990,-834748464396707.8
991,-621694199688510.0
992,-1631046532311825.8
993,-1770748836211314.2
994,-558882909470877.44
995,-1788298808246655.8
996,-607748592161850.2
997,-1100178476054962.4
998,-803319244254981.6
999,-908076326266612.2
1000,-516911272407480.44
1001,-2144458916772443.5
1002,-1051297425921642.1
1003,-845233253368552.1
1004,-565810134802494.4
1005,-904588614648015.5
1006,-544852780967326.56
1007,-2259719997083449.5
1008,-733454645777160.4
1009,-1445941809145640.5
1010,-1145575307151457.5
1011,-1665987912323266.8
1012,-537879802563712.44
1013,-576283048912204.1
1014,-380701220508335.5
1015,-1585640969695378.5
1016,-1596130648406680.0
1017,-681074707712573.2
1018,-1016356395202719.4
1019,-523904507934870.4
1020,-705512787945001.8
1021,-803310163463266.5
1022,-593763867466045.1
1023,-597243196829196.9
1024,-988413140328644.4
1025,-663615543291175.0
1026,-1868553546182577.2
1027,-761391613943728.4
1028,-1903472573528095.5
1029,-2130497243249655.2
1030,-667105350469023.2
1031,-2490237966585203.0
1032,-862672509951141.1
1033,-1232893481861056.5
1034,-516920702431353.25
1035,-915068863233288.0
1036,-282905591291111.4
1037,-338782321724774.5
1038,-796317626485784.5
1039,-1400537992834478.0
1040,-2064127341607004.2
1041,-932546189211088.5
1042,-489036472542527.4
1043,-2340056461883674.5
1044,-513416575591528.56
1045,-391177277987354.1
1046,-639180257133278.0
1047,-670582235017099.6
1048,-2371481141680592.5
1049,-1079229155318615.9
1050,-1452930853515694.2
1051,-820773519068109.5
1052,-1166532660981828.2
1053,-1184015575105983.5
1054,-604235384562887.0
1055,-3003637079156154.5
1056,-796321817611583.2
1057,-558882909461250.94
1058,-1854578600822848.5
1059,-1170024214460846.8
1060,-1445941459885242.2
1061,-1243396432413722.2
1062,-534370786074996.8
1063,-586773076802007.5
1064,-1679948538042449.5
1065,-1372599976873847.8
1066,-1016367571504869.8
1067,-1739332538663369.0
1068,-1121150498801091.9
1069,-1019840614195284.2
1070,-2039699041192035.5
1071,-10128545603.252161
1072,-946508910498853.5
1073,-4442590193223303.5
1074,-943007577711683.5
1075,-667100810130547.0
1076,-1100173586404463.8
1077,-548356558546414.4
1078,-1445936919503209.0
1079,-1816159288457175.8
1080,-757897266385283.4
1081,-611212554078623.6
1082,-1156067081316629.8
1083,-1466897067412779.2
1084,-607754878816426.4
1085,-750944195816696.2
1086,-405151524877904.5
1087,-495969635291479.06
1088,-1047784218318599.4
